25
0000000000000000000000001
1000000000000000000000001
1000000000000000000000001
1000000000000000000000001
1000000000000000000000001
1000000000000000000000001
1000000000000000000000001
1000000000000000000000001
1000000000000000000000001
1000000000000000000000001
1000000000000000000000001
1000000000000000000000001
1000000000000000000000001
1000000000000000000000001
1000000000000000000000001
1000000000000000000000001
1000000000000000000000001
1000000000000000000000001
1000000000000000000000001
1000000000000000000000001
1000000000000000000000001
1000000000000000000000001
1000000000000000000000001
1000000000000000000000001
1000000000000000000000001